iter : 0  psnr : 30.016836102314564  ssim : 0.836972080868849
iter : 1  psnr : 29.829931270849535  ssim : 0.8289488128544946
iter : 2  psnr : 30.153960670177714  ssim : 0.8413403374138476
